#configuration file for waypoints.
coordinate_type: 'enu'
path_mode: 'polynomial'
intermediate_poses: true
intermediate_pose_separation: 1.0
reference_speed: 5.0
reference_acceleration: 5.0
takeoff_height: 1.0
landing_height: 0.0
heading_mode: 'manual'
easting: [1.24169, 6.24169, 11.2417, 16.2417, 18.0565, 13.0565, 8.05647, 3.05648, 1.24169, 6.24169, 11.2417, 16.2417, 18.0565, 13.0565, 8.05647, 3.05648, 18.0565, 13.0565, 8.05647, 3.05648, 1.24169, 6.24169, 11.2417, 16.2417, 18.0565, 13.0565, 8.05647, 3.05648, 1.24169, 6.24169, 11.2417, 16.2417]
northing: [0.527763, 0.532908, 0.538053, 0.543198, 0.545066, 0.539921, 0.534776, 0.529631, 0.527763, 0.532908, 0.538053, 0.543198, 0.545066, 0.539921, 0.534776, 0.529631, 0.545066, 0.539921, 0.534776, 0.529631, 0.527763, 0.532908, 0.538053, 0.543198, 0.545066, 0.539921, 0.534776, 0.529631, 0.527763, 0.532908, 0.538053, 0.543198]
height: [7, 7, 7, 7, 12, 12, 12, 12, 17, 17, 17, 17, 20, 20, 20, 20, 20, 20, 20, 20, 15, 15, 15, 15, 10, 10, 10, 10, 7, 7, 7, 7]
heading: [89.5548, 89.5548, 89.5548, 89.5548, 89.5548, 89.5548, 89.5548, 89.5548, 89.5548, 89.5548, 89.5548, 89.5548, 89.5548, 89.5548, 89.5548, 89.5548, 89.5548, 89.5548, 89.5548, 89.5548, 89.5548, 89.5548, 89.5548, 89.5548, 89.5548, 89.5548, 89.5548, 89.5548, 89.5548, 89.5548, 89.5548, 89.5548]